# Magnetic field
   -0.000000000000000e+00     0.000000000000000e+00     0.000000000000000e+00
5  # Number of type of J
# arrayJ 1
  -23.9467619  -3.1148375  -8.4040133
   -3.1148375   3.2124194   1.8470590
   -8.4040133   1.8470590   2.0225331
# arrayJ 2
    3.2124194  -3.1148375   1.8470590
   -3.1148375 -23.9467619  -8.4040133
    1.8470590  -8.4040133   2.0225331
# arrayJ 3
    4.4421939  -0.3777579   1.0659292
   -0.3777579   4.4421939   1.0659292
    1.0659292   1.0659292 -30.7439117
# arrayJ 4
   -0.8030967   0.9901792  -1.4245524
    0.9901792  -0.8030967  -1.4245524
   -1.4245524  -1.4245524  -1.2250998
# arrayJ 5
    1.63846353333  0.0000  0.0000
    0.0000  1.63846353333  0.0000
    0.0000  0.0000  1.63846353333
# W, L, num_pivot, ishift_nspin
8 4 7 4 #
# StdI->list_6spin_star
#star
5  1  1  1  1  3 -1
5  1  1  1  5  2 -1
3  1  1  1  6  3 -1
4  1  1  1 11  1  1
6  1  1  1  1  2 -1
5  1  1  1  4  1 -1
4  1  1  1  6  1  1
# pivot 0
0 1 2 3 4 5 3
1 2 0 3 4 5 1
2 3 0 1 4 5 3
3 4 0 1 2 5 1
0 5 1 2 3 4 1
# pivot 1
1 4 0 2 3 5 2
3 5 0 1 2 4 2
2 4 0 1 3 5 4
1 5 0 2 3 4 5
3 4 0 1 2 5 5
# pivot 2
3 4 0 1 2 5 4
2 4 0 1 3 5 5
3 5 0 1 2 4 5
# pivot 3
0 4 1 2 3 5 4
1 5 0 2 3 4 4
0 5 1 2 3 4 5
1 4 0 2 3 5 5
# pivot 4
0 1 2 3 4 5 3
1 2 0 3 4 5 1
2 3 0 1 4 5 3
0 5 1 2 3 4 4
3 4 0 1 2 5 5
1 5 0 2 3 4 5
# pivot 5
1 5 0 2 3 4 2
1 4 0 2 3 5 4
2 5 0 1 3 4 4
0 4 1 2 3 5 5
3 5 0 1 2 4 5
# pivot 6
3 5 0 1 2 4 2
3 4 0 1 2 5 4
1 5 0 2 3 4 5
2 4 0 1 3 5 5
