# Magnetic field
   -0.000000000000000e+00     0.000000000000000e+00     0.000000000000000e+00
5  # Number of type of J
# arrayJ 1
 -5.98669047500   -0.77870937500   -2.10100332500
 -0.77870937500    0.80310485000    0.46176475000
 -2.10100332500    0.46176475000    0.50563327500
# arrayJ 2
  0.80310485000   -0.77870937500    0.46176475000
 -0.77870937500   -5.98669047500   -2.10100332500
  0.46176475000   -2.10100332500    0.50563327500
# arrayJ 3
  1.11054847500   -0.09443947500    0.26648230000
 -0.09443947500    1.11054847500    0.26648230000
  0.26648230000    0.26648230000   -7.68597792500
# arrayJ 4
 -0.20077417500    0.24754480000   -0.35613810000
  0.24754480000   -0.20077417500   -0.35613810000
 -0.35613810000   -0.35613810000   -0.30627495000
# arrayJ 5
  0.40961588333    0.00000000000    0.00000000000
  0.00000000000    0.40961588333    0.00000000000
  0.00000000000    0.00000000000    0.40961588333
# W, L, num_pivot, ishift_nspin
8 4 7 4 #
# StdI->list_6spin_star
#star
5  1  1  1  1  3 -1
5  1  1  1  5  2 -1
3  1  1  1  6  3 -1
4  1  1  1 11  1  1
6  1  1  1  1  2 -1
5  1  1  1  4  1 -1
4  1  1  1  6  1  1
# pivot 0
0 1 2 3 4 5 3
1 2 0 3 4 5 1
2 3 0 1 4 5 3
3 4 0 1 2 5 1
0 5 1 2 3 4 1
# pivot 1
1 4 0 2 3 5 2
3 5 0 1 2 4 2
2 4 0 1 3 5 4
1 5 0 2 3 4 5
3 4 0 1 2 5 5
# pivot 2
3 4 0 1 2 5 4
2 4 0 1 3 5 5
3 5 0 1 2 4 5
# pivot 3
0 4 1 2 3 5 4
1 5 0 2 3 4 4
0 5 1 2 3 4 5
1 4 0 2 3 5 5
# pivot 4
0 1 2 3 4 5 3
1 2 0 3 4 5 1
2 3 0 1 4 5 3
0 5 1 2 3 4 4
3 4 0 1 2 5 5
1 5 0 2 3 4 5
# pivot 5
1 5 0 2 3 4 2
1 4 0 2 3 5 4
2 5 0 1 3 4 4
0 4 1 2 3 5 5
3 5 0 1 2 4 5
# pivot 6
3 5 0 1 2 4 2
3 4 0 1 2 5 4
1 5 0 2 3 4 5
2 4 0 1 3 5 5
